--> activity
id = actCleaning
name = Cleaning
type = Cleaning 
description = Person Cleaning Activity 
person = person_X 

--> activity_model
id = actModel1
name = Person Cleaning Activity Model Weekends
day_type = weekends
shiftable = false 
exclusive = true
activity = actCleaning
containsAppliances = appl_X, appl_Y
duration_distrType = Gaussian Mixture Models	
duration_values = [ ]
duration_parameters = [{"w":0.7 , "mean":480, "std":40}, {"w":0.3 , "mean":1200,"std":60}]
start_distrType = Histogram
start_values = [0,0,0,0,0,0,0,0,0,0,0,0,0,0,0,0,0,0,0,0,0,0,0,0,0,0,0,0,0,0,0,0,0,0,0,0,0,0,0,0,0,0,0,0,0,0,0,0,0,0,0,0,0,0,0,0,0,0,0,0,0,0,0,0,0,0,0,0,0,0,0,0,0,0,0,0,0,0,0,0,0,0,0,0,0,0,0,0,0,0,0,0,0,0,0,0,0,0,0,0,0,0,0,0,0,0,0,0,0,0,0,0,0,0,0,0,0,0,0,0,0.00476,0.00476,0.00476,0.00476,0.00476,0.00476,0.00476,0.00476,0.00476,0.00476,0.00476,0.00476,0.00476,0.00476,0.00476,0.00476,0.00476,0.00476,0.00476,0.00476,0.00476,0.00476,0.00476,0.00476,0.00476,0.00476,0.00476,0.00476,0.00476,0.00476,0.00476,0.00476,0.00476,0.00476,0.00476,0.00476,0.00476,0.00476,0.00476,0.00476,0.00476,0.00476,0.00476,0.00476,0.00476,0.00476,0.00476,0.00476,0.00476,0.00476,0.00476,0.00476,0.00476,0.00476,0.00476,0.00476,0.00476,0.00476,0.00476,0.00476,0.00119,0.00119,0.00119,0.00119,0.00119,0.00119,0.00119,0.00119,0.00119,0.00119,0.00119,0.00119,0.00119,0.00119,0.00119,0.00119,0.00119,0.00119,0.00119,0.00119,0.00119,0.00119,0.00119,0.00119,0.00119,0.00119,0.00119,0.00119,0.00119,0.00119,0.00119,0.00119,0.00119,0.00119,0.00119,0.00119,0.00119,0.00119,0.00119,0.00119,0.00119,0.00119,0.00119,0.00119,0.00119,0.00119,0.00119,0.00119,0.00119,0.00119,0.00119,0.00119,0.00119,0.00119,0.00119,0.00119,0.00119,0.00119,0.00119,0.00119,0,0,0,0,0,0,0,0,0,0,0,0,0,0,0,0,0,0,0,0,0,0,0,0,0,0,0,0,0,0,0,0,0,0,0,0,0,0,0,0,0,0,0,0,0,0,0,0,0,0,0,0,0,0,0,0,0,0,0,0,0,0,0,0,0,0,0,0,0,0,0,0,0,0,0,0,0,0,0,0,0,0,0,0,0,0,0,0,0,0,0,0,0,0,0,0,0,0,0,0,0,0,0,0,0,0,0,0,0,0,0,0,0,0,0,0,0,0,0,0,0.00357,0.00357,0.00357,0.00357,0.00357,0.00357,0.00357,0.00357,0.00357,0.00357,0.00357,0.00357,0.00357,0.00357,0.00357,0.00357,0.00357,0.00357,0.00357,0.00357,0.00357,0.00357,0.00357,0.00357,0.00357,0.00357,0.00357,0.00357,0.00357,0.00357,0.00357,0.00357,0.00357,0.00357,0.00357,0.00357,0.00357,0.00357,0.00357,0.00357,0.00357,0.00357,0.00357,0.00357,0.00357,0.00357,0.00357,0.00357,0.00357,0.00357,0.00357,0.00357,0.00357,0.00357,0.00357,0.00357,0.00357,0.00357,0.00357,0.00357,0,0,0,0,0,0,0,0,0,0,0,0,0,0,0,0,0,0,0,0,0,0,0,0,0,0,0,0,0,0,0,0,0,0,0,0,0,0,0,0,0,0,0,0,0,0,0,0,0,0,0,0,0,0,0,0,0,0,0,0,0.00119,0.00119,0.00119,0.00119,0.00119,0.00119,0.00119,0.00119,0.00119,0.00119,0.00119,0.00119,0.00119,0.00119,0.00119,0.00119,0.00119,0.00119,0.00119,0.00119,0.00119,0.00119,0.00119,0.00119,0.00119,0.00119,0.00119,0.00119,0.00119,0.00119,0.00119,0.00119,0.00119,0.00119,0.00119,0.00119,0.00119,0.00119,0.00119,0.00119,0.00119,0.00119,0.00119,0.00119,0.00119,0.00119,0.00119,0.00119,0.00119,0.00119,0.00119,0.00119,0.00119,0.00119,0.00119,0.00119,0.00119,0.00119,0.00119,0.00119,0.00238,0.00238,0.00238,0.00238,0.00238,0.00238,0.00238,0.00238,0.00238,0.00238,0.00238,0.00238,0.00238,0.00238,0.00238,0.00238,0.00238,0.00238,0.00238,0.00238,0.00238,0.00238,0.00238,0.00238,0.00238,0.00238,0.00238,0.00238,0.00238,0.00238,0.00238,0.00238,0.00238,0.00238,0.00238,0.00238,0.00238,0.00238,0.00238,0.00238,0.00238,0.00238,0.00238,0.00238,0.00238,0.00238,0.00238,0.00238,0.00238,0.00238,0.00238,0.00238,0.00238,0.00238,0.00238,0.00238,0.00238,0.00238,0.00238,0.00238,0.00119,0.00119,0.00119,0.00119,0.00119,0.00119,0.00119,0.00119,0.00119,0.00119,0.00119,0.00119,0.00119,0.00119,0.00119,0.00119,0.00119,0.00119,0.00119,0.00119,0.00119,0.00119,0.00119,0.00119,0.00119,0.00119,0.00119,0.00119,0.00119,0.00119,0.00119,0.00119,0.00119,0.00119,0.00119,0.00119,0.00119,0.00119,0.00119,0.00119,0.00119,0.00119,0.00119,0.00119,0.00119,0.00119,0.00119,0.00119,0.00119,0.00119,0.00119,0.00119,0.00119,0.00119,0.00119,0.00119,0.00119,0.00119,0.00119,0.00119,0,0,0,0,0,0,0,0,0,0,0,0,0,0,0,0,0,0,0,0,0,0,0,0,0,0,0,0,0,0,0,0,0,0,0,0,0,0,0,0,0,0,0,0,0,0,0,0,0,0,0,0,0,0,0,0,0,0,0,0,0,0,0,0,0,0,0,0,0,0,0,0,0,0,0,0,0,0,0,0,0,0,0,0,0,0,0,0,0,0,0,0,0,0,0,0,0,0,0,0,0,0,0,0,0,0,0,0,0,0,0,0,0,0,0,0,0,0,0,0,0.00119,0.00119,0.00119,0.00119,0.00119,0.00119,0.00119,0.00119,0.00119,0.00119,0.00119,0.00119,0.00119,0.00119,0.00119,0.00119,0.00119,0.00119,0.00119,0.00119,0.00119,0.00119,0.00119,0.00119,0.00119,0.00119,0.00119,0.00119,0.00119,0.00119,0.00119,0.00119,0.00119,0.00119,0.00119,0.00119,0.00119,0.00119,0.00119,0.00119,0.00119,0.00119,0.00119,0.00119,0.00119,0.00119,0.00119,0.00119,0.00119,0.00119,0.00119,0.00119,0.00119,0.00119,0.00119,0.00119,0.00119,0.00119,0.00119,0.00119,0,0,0,0,0,0,0,0,0,0,0,0,0,0,0,0,0,0,0,0,0,0,0,0,0,0,0,0,0,0,0,0,0,0,0,0,0,0,0,0,0,0,0,0,0,0,0,0,0,0,0,0,0,0,0,0,0,0,0,0,0,0,0,0,0,0,0,0,0,0,0,0,0,0,0,0,0,0,0,0,0,0,0,0,0,0,0,0,0,0,0,0,0,0,0,0,0,0,0,0,0,0,0,0,0,0,0,0,0,0,0,0,0,0,0,0,0,0,0,0,0,0,0,0,0,0,0,0,0,0,0,0,0,0,0,0,0,0,0,0,0,0,0,0,0,0,0,0,0,0,0,0,0,0,0,0,0,0,0,0,0,0,0,0,0,0,0,0,0,0,0,0,0,0,0,0,0,0,0,0,0,0,0,0,0,0,0,0,0,0,0,0,0,0,0,0,0,0,0,0,0,0,0,0,0,0,0,0,0,0,0,0,0,0,0,0,0,0,0,0,0,0,0,0,0,0,0,0,0,0,0,0,0,0,0,0,0,0,0,0,0,0,0,0,0,0,0,0,0,0,0,0,0,0,0,0,0,0,0,0,0,0,0,0,0,0,0,0,0,0,0,0,0,0,0,0,0,0,0,0,0,0,0,0,0,0,0,0,0,0,0,0,0,0,0,0,0,0,0,0,0,0,0,0,0,0,0,0,0,0,0,0,0,0,0,0,0,0,0,0,0,0,0,0,0,0,0,0,0,0,0,0,0,0,0,0,0,0,0,0,0,0,0,0,0,0,0,0,0,0,0,0,0,0,0,0,0,0,0,0,0,0,0,0,0,0,0,0,0,0,0,0,0,0,0,0,0,0,0,0,0,0,0,0,0,0,0,0,0,0,0,0,0,0,0,0,0,0,0,0,0,0,0,0,0,0,0,0,0,0,0,0,0,0,0,0,0,0,0,0,0.00119,0.00119,0.00119,0.00119,0.00119,0.00119,0.00119,0.00119,0.00119,0.00119,0.00119,0.00119,0.00119,0.00119,0.00119,0.00119,0.00119,0.00119,0.00119,0.00119,0.00119,0.00119,0.00119,0.00119,0.00119,0.00119,0.00119,0.00119,0.00119,0.00119,0.00119,0.00119,0.00119,0.00119,0.00119,0.00119,0.00119,0.00119,0.00119,0.00119,0.00119,0.00119,0.00119,0.00119,0.00119,0.00119,0.00119,0.00119,0.00119,0.00119,0.00119,0.00119,0.00119,0.00119,0.00119,0.00119,0.00119,0.00119,0.00119,0.00119,0,0,0,0,0,0,0,0,0,0,0,0,0,0,0,0,0,0,0,0,0,0,0,0,0,0,0,0,0,0,0,0,0,0,0,0,0,0,0,0,0,0,0,0,0,0,0,0,0,0,0,0,0,0,0,0,0,0,0,0,0,0,0,0,0,0,0,0,0,0,0,0,0,0,0,0,0,0,0,0,0,0,0,0,0,0,0,0,0,0,0,0,0,0,0,0,0,0,0,0,0,0,0,0,0,0,0,0,0,0,0,0,0,0,0,0,0,0,0,0 ]
start_parameters = [ ]
repetitions_distrType = Histogram
repetitions_values =  [0.25,0.375,0.25,0,0,0,0,0.125]
repetitions_parameters = [ ]

--> activity_model
id = actModel2
name = Person Cleaning Activity Model Weekdays
day_type = weekdays
shiftable = false 
exclusive = true
activity = actCleaning
containsAppliances = appl_X, appl_Y
duration_distrType = Histogram	
duration_values = [100.0, 50.0, 200.0 ]
duration_parameters = [ { "mean" : 1 , "std" : 1}]
start_distrType = Uniform Distribution
start_values = [ ]
start_parameters = [{"start":100,"end":400}]
repetitions_distrType = Histogram
repetitions_values =  [0.2, 0.3, 0.5, 0.4]
repetitions_parameters = [ ]